version 3
run General-0-20240512-18:19:00-1831
attr configname General
attr datetime 20240512-18:19:00
attr datetimef 20240512-181900
attr experiment General
attr inifile omnetpp.ini
attr iterationvars ""
attr iterationvarsd ""
attr iterationvarsf ""
attr measurement ""
attr network Network
attr processid 1831
attr repetition 0
attr replication #0
attr resultdir results
attr runnumber 0
attr seedset 0
config network Network
config sim-time-limit 200s
config Network.nodeTx.gen.generationInterval exponential(0.1)
config Network.nodeTx.gen.packetBytesize 12500
config Network.queue.bufferSize 200
config Network.nodeRx.queue.bufferSize 200
config Network.nodeTx.queue.bufferSize 2000000

vector 0 Network.nodeRx.sink Delay ETV
0	8	0.079787450457	0.0002
0	19	0.169643489305	0.0002
0	30	0.364798022893	0.0002
0	42	0.462498665532	0.0002
0	52	0.497814579446	0.0002
0	63	0.52965019353	0.0002
0	74	0.696871313562	0.0002
0	86	0.746758514464	0.0002
0	96	0.787916314088	0.0002
0	107	0.833841127814	0.0002
0	118	0.84896421318	0.0002
0	129	0.913135130448	0.0002
0	140	0.986631572567	0.0002
0	151	1.114154342789	0.0002
0	162	1.191237808636	0.0002
0	173	1.202432424699	0.0002
0	184	1.223052752902	0.0002
0	195	1.247457601976	0.0002
0	206	1.286634683044	0.0002
0	217	1.311778876251	0.0002
0	228	1.544670213672	0.0002
0	240	1.639619672022	0.0002
0	250	1.6500757946	0.0002
0	262	1.755959207749	0.0002
0	272	1.800299610611	0.0002
0	283	1.893905766588	0.0002
0	294	1.898360263434	0.000736181205
0	305	2.217118746434	0.0002
0	315	2.317920670976	0.0002
0	326	2.405112256339	0.0002
0	338	2.469490356499	0.0002
0	349	2.510740479491	0.0002
0	359	2.548896063828	0.0002
0	371	2.847615053013	0.0002
0	381	2.849434871932	0.000653361076
0	391	2.960962947431	0.0002
0	402	3.17149507751	0.0002
0	414	3.177227770152	0.0002
0	425	3.179246782967	0.0002
0	436	3.568403795252	0.0002
0	446	3.633968423688	0.0002
0	457	3.846392143388	0.0002
0	468	3.870831688196	0.0002
0	480	4.071155740447	0.0002
0	490	4.319713976145	0.0002
0	501	4.328391024379	0.0002
0	510	4.33023835203	0.001107252585
0	521	4.433509164863	0.0002
0	533	4.464260937239	0.0002
0	544	4.544740677219	0.0002
0	554	4.590913766823	0.0002
0	565	4.675222070038	0.0002
0	576	4.709256743862	0.0002
0	587	4.850359184791	0.0002
0	598	5.076732542377	0.0002
0	609	5.298883232224	0.0002
0	620	5.358521171657	0.0002
0	631	5.370873836393	0.0002
0	642	5.423946086055	0.0002
0	653	5.452687133662	0.0002
0	664	5.789124178967	0.0002
0	675	5.896907667381	0.0002
0	686	5.923113391549	0.0002
0	697	6.019558748098	0.0002
0	708	6.083071519661	0.0002
0	719	6.117037992919	0.0002
0	731	6.255335913573	0.0002
0	741	6.266190623422	0.0002
0	752	6.309893424799	0.0002
0	762	6.313365960278	0.000252193643
0	773	6.35202677585	0.0002
0	784	6.367256138375	0.0002
0	795	6.781037114426	0.0002
0	806	6.858044800381	0.0002
0	817	6.868532983941	0.0002
0	829	6.931879245713	0.0002
0	839	7.166896974688	0.0002
0	850	7.23788876741	0.0002
0	861	7.388871112971	0.0002
0	873	7.441871400785	0.0002
0	883	7.445921247624	0.000871168284
0	893	7.491977335981	0.0002
0	904	7.497168591199	0.0002
0	914	7.499105168436	0.000459800638
0	926	7.643624775997	0.0002
0	937	7.782253911199	0.0002
0	948	7.849499962882	0.0002
0	958	7.869282913628	0.0002
0	969	7.931542648026	0.0002
0	981	8.219997076867	0.0002
0	992	8.310793479599	0.0002
0	1002	8.380113456553	0.0002
0	1013	8.500210547207	0.0002
0	1024	8.531307327704	0.0002
0	1035	8.731024524453	0.0002
0	1046	9.064817957838	0.0002
0	1057	9.088693245123	0.0002
0	1068	9.113379172003	0.0002
0	1080	9.173547070655	0.0002
0	1090	9.287660860941	0.0002
0	1101	9.293468097153	0.0002
0	1113	9.506335106606	0.0002
0	1124	9.602479063763	0.0002
0	1134	9.795315077451	0.0002
0	1145	9.860438150643	0.0002
0	1156	9.953844183904	0.0002
0	1167	10.017237185843	0.0002
0	1178	10.254129002927	0.0002
0	1189	10.280164144082	0.0002
0	1200	10.514948520225	0.0002
0	1213	10.554205823044	0.0002
0	1221	10.556266644285	0.002255286051
0	1232	10.591587687616	0.0002
0	1243	10.705493452683	0.0002
0	1254	10.771543760658	0.0002
0	1265	10.797607773596	0.0002
0	1277	10.835250708748	0.0002
0	1287	10.899069569307	0.0002
0	1298	10.91575703343	0.0002
0	1309	11.019677597088	0.0002
0	1321	11.040313396448	0.0002
0	1332	11.177781391828	0.0002
0	1342	11.210201303177	0.0002
0	1353	11.332101237695	0.0002
0	1364	11.515627577989	0.0002
0	1376	11.533655007947	0.0002
0	1387	11.661697443345	0.0002
0	1398	11.799131744787	0.0002
0	1409	11.823651554051	0.0002
0	1419	11.955214179881	0.0002
0	1432	11.978679764807	0.0002
0	1442	12.091771612726	0.0002
0	1452	12.172885714949	0.0002
0	1463	12.351884675397	0.0002
0	1474	12.473453722733	0.0002
0	1485	12.545278370744	0.0002
0	1496	12.70017953866	0.0002
0	1507	12.724821120881	0.0002
0	1518	12.935909998319	0.0002
0	1529	13.061633697876	0.0002
0	1540	13.184921744179	0.0002
0	1552	13.371064908477	0.0002
0	1563	13.519489156742	0.0002
0	1573	13.717764047202	0.0002
0	1584	14.137949989827	0.0002
0	1595	14.138970176915	0.000814554956
0	1605	14.191202344789	0.0002
0	1616	14.226562002315	0.0002
0	1627	14.239420026043	0.0002
0	1638	14.291527908151	0.0002
0	1649	14.333627237956	0.0002
0	1661	14.386623395883	0.0002
0	1671	14.437622479268	0.0002
0	1683	14.586885695687	0.0002
0	1694	14.626235936799	0.0002
0	1704	14.627708140957	0.000267545034
0	1715	14.663964817813	0.0002
0	1725	14.692816088848	0.0002
0	1736	14.859112666915	0.0002
0	1747	14.998599576041	0.0002
0	1759	15.046247434301	0.0002
0	1769	15.075837621626	0.0002
0	1780	15.14055509203	0.0002
0	1791	15.201899000989	0.0002
0	1802	15.260241378093	0.0002
0	1814	15.317058426467	0.0002
0	1824	15.388259233029	0.0002
0	1835	15.496151923879	0.0002
0	1847	15.6840637673	0.0002
0	1857	15.70370995589	0.0002
0	1868	15.705936039879	0.001452543055
0	1879	15.719008798962	0.0002
0	1890	15.97825365984	0.0002
0	1900	16.045748757205	0.0002
0	1911	16.260058727248	0.0002
0	1923	16.313599162357	0.0002
0	1933	16.378090011474	0.0002
0	1944	16.459379847593	0.0002
0	1956	16.474908406143	0.0002
0	1966	16.552392644093	0.0002
0	1977	16.568293845773	0.0002
0	1988	16.582152527915	0.0002
0	1999	16.591832275146	0.0002
0	2011	16.600493974591	0.0002
0	2021	16.810157601943	0.0002
0	2032	16.865723493259	0.0002
0	2043	16.952520491461	0.0002
0	2056	16.955264701504	0.0002
0	2065	17.100920722662	0.0002
0	2076	17.137779016623	0.0002
0	2087	17.207781580235	0.0002
0	2098	17.289383436631	0.0002
0	2109	17.386584525737	0.0002
0	2122	17.403738388474	0.0002
0	2131	17.412621626739	0.0002
0	2142	17.513026744127	0.0002
0	2153	17.789087189695	0.0002
0	2164	17.919170932441	0.0002
0	2175	17.95584144782	0.0002
0	2186	18.014518328488	0.0002
0	2197	18.090414805913	0.0002
0	2208	18.167261063652	0.0002
0	2220	18.261211262238	0.0002
0	2230	18.270865390141	0.0002
0	2242	18.279916137156	0.0002
0	2252	18.462870352742	0.0002
0	2264	18.534834842511	0.0002
0	2274	18.6134907517	0.0002
0	2286	18.700276938689	0.0002
0	2296	18.747473747466	0.0002
0	2308	19.147230095138	0.0002
0	2319	19.194122227865	0.0002
0	2329	19.231238399945	0.0002
0	2341	19.395756742652	0.0002
0	2352	19.441659535401	0.0002
0	2362	19.603525642043	0.0002
0	2373	19.718591901336	0.0002
0	2384	19.819085232242	0.0002
0	2395	20.011459089309	0.0002
0	2406	20.067291768235	0.0002
0	2417	20.201319364433	0.0002
0	2429	20.548383872487	0.0002
0	2439	20.599056193877	0.0002
0	2450	20.658673383017	0.0002
0	2461	20.688410735808	0.0002
0	2472	20.807859730159	0.0002
0	2484	20.820763580477	0.0002
0	2494	20.846674806065	0.0002
0	2506	21.068796224385	0.0002
0	2516	21.117448138361	0.0002
0	2527	21.129531277987	0.0002
0	2538	21.143781572552	0.0002
0	2550	21.182997701514	0.0002
0	2560	21.341733424483	0.0002
0	2571	21.376865552637	0.0002
0	2582	21.420232038174	0.0002
0	2593	21.501281352892	0.0002
0	2605	21.580803573023	0.0002
0	2615	21.6236947566	0.0002
0	2626	21.639809014483	0.0002
0	2637	21.762880899586	0.0002
0	2648	21.857491073711	0.0002
0	2659	21.916824130537	0.0002
0	2671	21.964358097501	0.0002
0	2681	22.286889705873	0.0002
0	2692	22.290780615963	0.002141980795
0	2702	22.304911639225	0.0002
0	2713	22.329186182961	0.0002
0	2725	22.701127014051	0.0002
0	2735	23.052033369151	0.0002
0	2746	23.270998040607	0.0002
0	2757	23.303539712323	0.0002
0	2768	23.306227774274	0.0002
0	2780	23.346207301522	0.0002
0	2790	23.364668888813	0.0002
0	2801	23.404707041959	0.0002
0	2812	23.47654362548	0.0002
0	2823	23.525454466542	0.0002
0	2834	23.814966228244	0.0002
0	2845	23.928011948075	0.0002
0	2856	24.007499231682	0.0002
0	2867	24.023547642418	0.0002
0	2879	24.124348996466	0.0002
0	2889	24.186008305318	0.0002
0	2900	24.267667574203	0.0002
0	2911	24.337525674811	0.0002
0	2922	24.392952522152	0.0002
0	2933	24.396421915991	0.002814591974
0	2943	24.511214337696	0.0002
0	2954	24.545431806858	0.0002
0	2965	24.674220830769	0.0002
0	2976	24.699979317403	0.0002
0	2988	25.057829489987	0.0002
0	2998	25.304093916928	0.0002
0	3010	25.362194782474	0.0002
0	3021	25.466777311753	0.0002
0	3031	25.718766181138	0.0002
0	3043	26.191405700824	0.0002
0	3053	26.355741024345	0.0002
0	3064	26.531085836173	0.0002
0	3076	26.749357225102	0.0002
0	3086	26.789152064567	0.0002
0	3097	26.867820376113	0.0002
0	3108	26.915520151207	0.0002
0	3120	26.928408015811	0.0002
0	3131	26.962252129093	0.0002
0	3141	26.974593076244	0.0002
0	3152	27.0126441711	0.0002
0	3163	27.09537676346	0.0002
0	3174	27.182152277754	0.0002
0	3185	27.209338861611	0.0002
0	3197	27.225106066894	0.0002
0	3207	27.323329885335	0.0002
0	3219	27.565235024751	0.0002
0	3229	27.622178636138	0.0002
0	3240	27.686551116723	0.0002
0	3251	27.743601715531	0.0002
0	3263	27.869201275408	0.0002
0	3273	27.907850693612	0.0002
0	3284	27.998807764099	0.0002
0	3294	28.002696408822	0.003568331442
0	3306	28.108352636026	0.0002
0	3316	28.130712541859	0.0002
0	3327	28.167710459834	0.0002
0	3338	28.267966700667	0.0002
0	3349	28.324636896652	0.0002
0	3361	28.414305480311	0.0002
0	3371	28.504145716955	0.0002
0	3382	28.611153965918	0.0002
0	3393	28.783593154465	0.0002
0	3403	28.790826622918	0.003604588676
0	3414	28.846868635912	0.0002
0	3425	28.958355321319	0.0002
0	3436	29.041381385996	0.0002
0	3448	29.053427212773	0.0002
0	3458	29.061989292184	0.0002
0	3469	29.064182030253	0.0002
0	3480	29.094377530602	0.0002
0	3492	29.114150707396	0.0002
0	3502	29.153472436095	0.0002
0	3513	29.429093743843	0.0002
0	3524	29.434487439485	0.0002
0	3536	29.65686572106	0.0002
0	3546	29.680632308171	0.0002
0	3559	29.701588756744	0.0002
0	3568	29.702485895477	0.0002
0	3580	29.799029475447	0.0002
0	3591	29.809184352505	0.0002
0	3602	30.036081261167	0.0002
0	3612	30.100172803487	0.0002
0	3624	30.171179838053	0.0002
0	3634	30.181711279973	0.0002
0	3646	30.247819260056	0.0002
0	3656	30.274641569383	0.0002
0	3667	30.287862729366	0.0002
0	3678	30.338889869142	0.0002
0	3690	30.341111734344	0.0002
0	3700	30.449466553173	0.0002
0	3711	30.694797137323	0.0002
0	3722	30.733965591311	0.0002
0	3733	30.9131310249	0.0002
0	3744	30.946141694305	0.0002
0	3756	31.028598866623	0.0002
0	3767	31.104284298346	0.0002
0	3778	31.213849285371	0.0002
0	3790	31.433930972808	0.0002
0	3799	31.655860524985	0.0002
0	3810	31.932670530754	0.0002
0	3822	32.091790757088	0.0002
0	3832	32.135676174792	0.0002
0	3843	32.282937461046	0.0002
0	3855	32.383289899836	0.0002
0	3867	32.460353005916	0.0002
0	3877	32.461225795547	0.0002
0	3887	32.476807714158	0.0002
0	3898	32.501995192627	0.0002
0	3909	32.507663580743	0.0002
0	3920	32.723904075016	0.0002
0	3931	32.764279365727	0.0002
0	3942	32.819956446871	0.0002
0	3953	32.827257701255	0.0002
0	3964	32.87641223713	0.0002
0	3975	32.919522419852	0.0002
0	3986	33.124396219209	0.0002
0	3997	33.145804438675	0.0002
0	4008	33.232478545742	0.0002
0	4019	33.335299077571	0.0002
0	4030	33.415389945857	0.0002
0	4041	33.437768823071	0.0002
0	4053	33.448026749061	0.0002
0	4063	33.498369360606	0.0002
0	4075	33.586421204437	0.0002
0	4086	33.680323064789	0.0002
0	4096	33.698968028208	0.0002
0	4107	34.075336107561	0.0002
0	4118	34.11514220806	0.0002
0	4129	34.296153309206	0.0002
0	4141	34.349871682915	0.0002
0	4153	34.477951315222	0.0002
0	4162	34.533454487753	0.0002
0	4173	34.917646118099	0.0002
0	4184	35.020838188391	0.0002
0	4195	35.131014380123	0.0002
0	4206	35.280039288791	0.0002
0	4217	35.331842194503	0.0002
0	4228	35.338571891223	0.0002
0	4240	35.364847432217	0.0002
0	4250	35.513143368655	0.0002
0	4261	35.640951998044	0.0002
0	4272	35.662521982172	0.0002
0	4283	35.739194520385	0.0002
0	4294	36.108041717933	0.0002
0	4306	36.11626797448	0.0002
0	4318	36.486867038212	0.0002
0	4328	36.515242048466	0.0002
0	4338	36.567484972801	0.0002
0	4350	36.624047264903	0.0002
0	4361	36.89784959443	0.0002
0	4371	36.992263719637	0.0002
0	4383	37.260363228612	0.0002
0	4393	37.285783694883	0.0002
0	4403	37.288406520405	0.002073191077
0	4413	37.404673869187	0.0002
0	4424	37.495323996909	0.0002
0	4435	37.556127159485	0.0002
0	4446	37.662282491115	0.0002
0	4457	37.772615021385	0.0002
0	4468	37.781505443875	0.0002
0	4479	37.789992816256	0.0002
0	4490	37.884494615317	0.0002
0	4502	38.01404028171	0.0002
0	4513	38.02966954596	0.0002
0	4524	38.036330059684	0.0002
0	4534	38.079155862565	0.0002
0	4546	38.171343788393	0.0002
0	4557	38.188448970297	0.0002
0	4567	38.31836890354	0.0002
0	4579	38.511099353265	0.0002
0	4590	38.513708749761	0.0002
0	4601	38.522053551517	0.0002
0	4612	38.662746606045	0.0002
0	4622	38.723753685173	0.0002
0	4633	38.834198365672	0.0002
0	4644	38.923068768433	0.0002
0	4655	39.008653690577	0.0002
0	4666	39.130039746883	0.0002
0	4677	39.490905248576	0.0002
0	4688	39.507942984445	0.0002
0	4699	39.511409454701	0.0002
0	4710	39.697748053081	0.0002
0	4721	39.71140893905	0.0002
0	4732	39.738765425275	0.0002
0	4743	39.857099377611	0.0002
0	4754	39.921906413579	0.0002
0	4765	39.951159220871	0.0002
0	4776	40.052730488177	0.0002
0	4787	40.097220335076	0.0002
0	4798	40.185742019541	0.0002
0	4809	40.208566681861	0.0002
0	4821	40.239546895317	0.0002
0	4831	40.622003860961	0.0002
0	4842	40.643045551284	0.0002
0	4853	40.690205123329	0.0002
0	4864	40.805581499666	0.0002
0	4875	41.137288237437	0.0002
0	4886	41.733911807412	0.0002
0	4897	41.738540758004	0.0002
0	4908	41.807240321595	0.0002
0	4919	41.81613175783	0.0002
0	4930	42.085940062125	0.0002
0	4941	42.123262034961	0.0002
0	4953	42.242754848298	0.0002
0	4963	42.273491575573	0.0002
0	4974	42.295170578148	0.0002
0	4986	42.571518222207	0.0002
0	4997	42.700614492766	0.0002
0	5008	42.83853602784	0.0002
0	5018	42.847679892644	0.0002
0	5029	42.978409031144	0.0002
0	5040	43.014992515058	0.0002
0	5051	43.10033158368	0.0002
0	5062	43.182378340472	0.0002
0	5073	43.187630949508	0.0002
0	5085	43.282936292126	0.0002
0	5095	43.310911972365	0.0002
0	5107	43.446096658055	0.0002
0	5118	43.549497240329	0.0002
0	5128	43.679501841247	0.0002
0	5140	43.820828822776	0.0002
0	5150	44.090088809543	0.0002
0	5161	44.10806521836	0.0002
0	5172	44.307190867494	0.0002
0	5183	44.334982172174	0.0002
0	5194	44.714485405546	0.0002
0	5205	44.764314287267	0.0002
0	5216	44.922548352296	0.0002
0	5227	44.960955509466	0.0002
0	5238	45.183130229716	0.0002
0	5249	45.241250960027	0.0002
0	5260	45.350602897742	0.0002
0	5271	45.443256588796	0.0002
0	5282	45.45581762373	0.0002
0	5293	45.523464611717	0.0002
0	5305	45.537946225165	0.0002
0	5315	45.605516456741	0.0002
0	5327	45.638382662508	0.0002
0	5337	45.679031919264	0.0002
0	5348	45.737752456394	0.0002
0	5359	45.893707584566	0.0002
0	5370	45.901565007262	0.0002
0	5381	46.057850162703	0.0002
0	5391	46.059486272444	0.000863059148
0	5402	46.183299421175	0.0002
0	5413	46.303711537187	0.0002
0	5424	46.402968448972	0.0002
0	5436	46.456378047769	0.0002
0	5446	46.459636113127	0.0002
0	5458	46.648895246034	0.0002
0	5468	46.675085205092	0.0002
0	5479	46.679241416972	0.0002
0	5491	46.767906630433	0.0002
0	5501	47.02081977443	0.0002
0	5512	47.287952241472	0.0002
0	5524	47.373305408507	0.0002
0	5534	47.385619559198	0.0002
0	5546	47.398891462183	0.0002
0	5557	47.476503779945	0.0002
0	5568	47.634972350628	0.0002
0	5578	47.754889920234	0.0002
0	5589	48.377633137032	0.0002
0	5600	48.403949226693	0.0002
0	5611	48.540246559862	0.0002
0	5622	48.56623475507	0.0002
0	5633	48.833710694456	0.0002
0	5645	49.042688083224	0.0002
0	5657	49.056464587578	0.0002
0	5666	49.085593435917	0.0002
0	5677	49.189010559794	0.0002
0	5688	49.248835081329	0.0002
0	5700	49.502909425046	0.0002
0	5710	49.714816420325	0.0002
0	5721	49.791560812629	0.0002
0	5732	49.831030792551	0.0002
0	5743	49.862062854022	0.0002
0	5755	49.92991480887	0.0002
0	5766	49.970052236391	0.0002
0	5776	49.97247876195	0.001230318734
0	5786	50.024850777288	0.0002
0	5797	50.085071606693	0.0002
0	5809	50.350250669234	0.0002
0	5819	50.415908133482	0.0002
0	5831	50.441950640431	0.0002
0	5843	50.516692507983	0.0002
0	5852	50.695213919742	0.0002
0	5865	50.930419508249	0.0002
0	5875	51.032836986149	0.0002
0	5885	51.273712260219	0.0002
0	5897	51.29422395777	0.0002
0	5907	51.307774740534	0.0002
0	5918	51.450506877001	0.0002
0	5929	51.581617423367	0.0002
0	5940	51.634729175279	0.0002
0	5951	51.662650779107	0.0002
0	5962	51.773855667743	0.0002
0	5973	51.823772843081	0.0002
0	5985	51.85275818664	0.0002
0	5995	52.007338807531	0.0002
0	6006	52.013743159338	0.0002
0	6017	52.052000746745	0.0002
0	6028	52.173832024361	0.0002
0	6039	52.186367910627	0.0002
0	6050	52.217331233204	0.0002
0	6061	52.23519113751	0.0002
0	6073	52.38378510586	0.0002
0	6083	52.731704525652	0.0002
0	6094	52.793029577804	0.0002
0	6106	53.018898780222	0.0002
0	6117	53.065955227843	0.0002
0	6128	53.191844828358	0.0002
0	6138	53.574217385725	0.0002
0	6149	53.597292569423	0.0002
0	6161	54.01575760047	0.0002
0	6171	54.043898173906	0.0002
0	6182	54.051682994469	0.0002
0	6193	54.225269972552	0.0002
0	6204	54.271234275356	0.0002
0	6215	54.390289555032	0.0002
0	6226	54.408240424631	0.0002
0	6237	54.493821556656	0.0002
0	6249	54.520843766608	0.0002
0	6259	54.572452239177	0.0002
0	6270	54.859172846448	0.0002
0	6281	54.9277995622	0.0002
0	6292	54.947824857692	0.0002
0	6303	54.975333089068	0.0002
0	6314	55.099017315376	0.0002
0	6325	55.144191535994	0.0002
0	6336	55.247680479003	0.0002
0	6347	55.516872376436	0.0002
0	6359	55.957163815528	0.0002
0	6369	55.958554247617	0.001057510581
0	6378	56.186163650932	0.0002
0	6391	56.276694685111	0.0002
0	6400	56.280130185827	0.0002
0	6411	56.425302038177	0.0002
0	6422	56.470435764842	0.0002
0	6433	56.538476750096	0.0002
0	6444	56.634433247947	0.0002
0	6455	56.756161198887	0.0002
0	6467	56.848219581197	0.0002
0	6477	56.981774094626	0.0002
0	6488	57.014509531222	0.0002
0	6499	57.249309371484	0.0002
0	6510	57.43861085483	0.0002
0	6521	57.467061938006	0.0002
0	6532	57.593995271318	0.0002
0	6544	57.706290732004	0.0002
0	6554	57.868419392273	0.0002
0	6565	57.972607582163	0.0002
0	6576	58.058743623814	0.0002
0	6587	58.074237055383	0.0002
0	6598	58.215241484457	0.0002
0	6609	58.307787100083	0.0002
0	6620	58.343256742632	0.0002
0	6631	58.458711267162	0.0002
0	6642	58.562901756543	0.0002
0	6654	58.566110138596	0.0002
0	6664	58.567096746406	0.000244667154
0	6675	58.719964302678	0.0002
0	6685	58.936941496773	0.0002
0	6697	58.942702441851	0.0002
0	6708	59.014952308718	0.0002
0	6718	59.0890526706	0.0002
0	6730	59.51145138244	0.0002
0	6741	59.570609178812	0.0002
0	6752	59.779880830945	0.0002
0	6762	59.927389535672	0.0002
0	6774	59.942371095072	0.0002
0	6784	60.040320103195	0.0002
0	6796	60.089450034722	0.0002
0	6807	60.133524019411	0.0002
0	6818	60.195622065549	0.0002
0	6828	60.28966419933	0.0002
0	6839	60.330889136727	0.0002
0	6851	60.724161710192	0.0002
0	6861	60.750337881159	0.0002
0	6872	61.046844817565	0.0002
0	6884	61.498123349156	0.0002
0	6894	61.501607953818	0.0002
0	6905	61.741005033982	0.0002
0	6916	61.771920189105	0.0002
0	6927	61.793494549946	0.0002
0	6938	61.862813549104	0.0002
0	6949	61.970284788078	0.0002
0	6960	62.07340420615	0.0002
0	6972	62.111241076857	0.0002
0	6982	62.366466163878	0.0002
0	6993	62.376768710697	0.0002
0	7004	62.396361645091	0.0002
0	7015	62.413131299952	0.0002
0	7026	62.493525845918	0.0002
0	7038	62.519293728354	0.0002
0	7048	62.746652180815	0.0002
0	7059	62.760098066604	0.0002
0	7070	63.036313898114	0.0002
0	7081	63.079451749	0.0002
0	7092	63.129565827827	0.0002
0	7104	63.17521218923	0.0002
0	7115	63.293867433385	0.0002
0	7126	63.611223546654	0.0002
0	7136	63.86512975767	0.0002
0	7147	63.981753452506	0.0002
0	7158	63.995345402482	0.0002
0	7170	64.023122701893	0.0002
0	7181	64.052221213979	0.0002
0	7192	64.168564873211	0.0002
0	7203	64.248246289809	0.0002
0	7213	64.332741814102	0.0002
0	7224	64.357693682869	0.0002
0	7235	64.500352516009	0.0002
0	7248	64.580278363723	0.0002
0	7257	64.625080111438	0.0002
0	7268	65.038786352601	0.0002
0	7280	65.061790471733	0.0002
0	7290	65.167493662148	0.0002
0	7301	65.196422012649	0.0002
0	7312	65.351616589157	0.0002
0	7323	65.360126757164	0.0002
0	7334	65.385143520098	0.0002
0	7345	65.459780731306	0.0002
0	7357	65.722831834807	0.0002
0	7367	65.744693982369	0.0002
0	7378	65.7534873169	0.0002
0	7389	65.826286312584	0.0002
0	7402	65.890002091726	0.0002
0	7414	65.891625292202	0.001751478686
0	7420	65.893287614589	0.001924675522
0	7430	65.935551382949	0.0002
0	7440	66.027414150697	0.0002
0	7451	66.156627628477	0.0002
0	7462	66.169126324983	0.0002
0	7473	66.180261110782	0.0002
0	7484	66.304962874152	0.0002
0	7495	66.522222129527	0.0002
0	7506	66.671577510549	0.0002
0	7517	66.823670097186	0.0002
0	7529	66.953443891497	0.0002
0	7539	67.115501756558	0.0002
0	7550	67.316711139276	0.0002
0	7561	67.318084298774	0.0002
0	7573	67.567159025717	0.0002
0	7583	67.571160247941	0.0002
0	7594	67.62759226285	0.0002
0	7605	67.691202307259	0.0002
0	7616	67.769252146195	0.0002
0	7627	67.879277485193	0.0002
0	7638	67.885691964444	0.0002
0	7649	67.919442737459	0.0002
0	7660	68.022230267435	0.0002
0	7671	68.059701210474	0.0002
0	7682	68.165103464188	0.0002
0	7693	68.221356676118	0.0002
0	7705	68.22599939427	0.002584249285
0	7715	68.481702398863	0.0002
0	7725	68.497271808404	0.0002
0	7736	68.513403170121	0.0002
0	7748	68.845585399895	0.0002
0	7759	68.876602735705	0.0002
0	7771	68.95174818357	0.0002
0	7780	69.834824814093	0.0002
0	7793	69.850265701465	0.0002
0	7803	69.874002825389	0.0002
0	7813	70.070873065729	0.0002
0	7825	70.397473109298	0.0002
0	7835	70.449295454074	0.0002
0	7847	70.573641167048	0.0002
0	7857	70.590056211024	0.0002
0	7868	70.697146491121	0.0002
0	7879	70.758365013944	0.0002
0	7890	70.99754852666	0.0002
0	7902	71.028112294133	0.0002
0	7912	71.074864787754	0.0002
0	7924	71.116392552434	0.0002
0	7934	71.153327923216	0.0002
0	7945	71.178402660173	0.0002
0	7956	71.186190321769	0.0002
0	7967	71.272147512252	0.0002
0	7978	71.276696198073	0.0002
0	7989	71.283291522197	0.0002
0	8000	71.581612418786	0.0002
0	8012	71.592301258475	0.0002
0	8022	71.614197275314	0.0002
0	8033	71.836114908141	0.0002
0	8044	71.872194419404	0.0002
0	8055	72.224227300987	0.0002
0	8066	72.362446787521	0.0002
0	8078	72.408640920007	0.0002
0	8088	72.425753140304	0.0002
0	8100	72.475635029206	0.0002
0	8110	72.492210072782	0.0002
0	8121	72.511682141362	0.0002
0	8132	72.597281450411	0.0002
0	8143	72.723908492858	0.0002
0	8154	72.760625267947	0.0002
0	8165	72.826524537257	0.0002
0	8176	72.854995498087	0.0002
0	8187	73.29216712156	0.0002
0	8199	73.321278189209	0.0002
0	8210	73.370141959331	0.0002
0	8220	73.383575965105	0.0002
0	8231	73.39976887977	0.0002
0	8242	73.442159418883	0.0002
0	8254	73.49172920949	0.0002
0	8264	73.503919689103	0.0002
0	8275	73.662940641622	0.0002
0	8286	73.729453943226	0.0002
0	8298	73.828264019704	0.0002
0	8308	74.007206286379	0.0002
0	8319	74.029108970826	0.0002
0	8330	74.088301106166	0.0002
0	8342	74.284715834801	0.0002
0	8352	74.432117716444	0.0002
0	8363	74.501725308864	0.0002
0	8374	74.533751423047	0.0002
0	8385	74.681868081545	0.0002
0	8396	74.821739703753	0.0002
0	8408	74.83083675254	0.0002
0	8418	74.949382574995	0.0002
0	8429	75.106219148408	0.0002
0	8440	75.154401152931	0.0002
0	8451	75.217811301275	0.0002
0	8462	75.290094626446	0.0002
0	8473	75.328575568299	0.0002
0	8485	75.389615305172	0.0002
0	8495	75.537195962765	0.0002
0	8506	75.648192645836	0.0002
0	8517	75.762485068359	0.0002
0	8528	75.948973588447	0.0002
0	8539	75.975592849492	0.0002
0	8550	76.360284222299	0.0002
0	8561	76.374720701059	0.0002
0	8572	76.422469693571	0.0002
0	8583	76.424504378891	0.0002
0	8594	76.488918154607	0.0002
0	8605	76.525830189428	0.0002
0	8616	76.635493186362	0.0002
0	8627	76.707976631458	0.0002
0	8639	76.754372899332	0.0002
0	8649	76.833551103823	0.0002
0	8660	76.837550244188	0.0002
0	8671	76.99068868015	0.0002
0	8682	77.126866142262	0.0002
0	8694	77.16475632815	0.0002
0	8705	77.327614162824	0.0002
0	8716	77.354939196883	0.0002
0	8726	77.448494392135	0.0002
0	8737	77.557279888374	0.0002
0	8748	77.599356111114	0.0002
0	8760	77.696791940372	0.0002
0	8772	77.727060699026	0.0002
0	8781	77.900057827094	0.0002
0	8792	77.944785765566	0.0002
0	8803	78.014454640206	0.0002
0	8816	78.069097388572	0.0002
0	8825	78.158543202592	0.0002
0	8836	78.286246908108	0.0002
0	8847	78.41858361937	0.0002
0	8859	78.479075315044	0.0002
0	8871	78.52781221667	0.0002
0	8881	78.684022199164	0.0002
0	8891	78.701846825759	0.0002
0	8902	78.727650270381	0.0002
0	8913	78.819686586554	0.0002
0	8924	78.845280233161	0.0002
0	8935	79.026101524118	0.0002
0	8946	79.028879837486	0.0002
0	8959	79.118318676609	0.0002
0	8968	79.142845342113	0.0002
0	8980	79.233475844381	0.0002
0	8990	79.285646551111	0.0002
0	9001	79.294451905329	0.0002
0	9012	79.298013518002	0.0002
0	9023	79.589218947987	0.0002
0	9035	79.60090014964	0.0002
0	9046	79.660973231033	0.0002
0	9057	79.775411036714	0.0002
0	9068	80.179443621186	0.0002
0	9078	80.321106955038	0.0002
0	9089	80.415055801053	0.0002
0	9100	80.442764732988	0.0002
0	9111	80.632606933981	0.0002
0	9123	80.679016211086	0.0002
0	9133	80.926290712392	0.0002
0	9144	80.992638291866	0.0002
0	9156	81.097191965181	0.0002
0	9166	81.293822232548	0.0002
0	9177	81.594724442993	0.0002
0	9188	81.7632403835	0.0002
0	9199	81.918098939979	0.0002
0	9210	82.006886886497	0.0002
0	9221	82.01195903879	0.0002
0	9234	82.066824968694	0.0002
0	9243	82.071043339102	0.0002
0	9254	82.115174085718	0.0002
0	9265	82.196228848221	0.0002
0	9277	82.200299074721	0.00028722177
0	9287	82.310367231921	0.0002
0	9297	82.405034433046	0.0002
0	9308	82.54996651991	0.0002
0	9319	82.563147832179	0.0002
0	9330	82.631420936858	0.0002
0	9342	82.656111208322	0.0002
0	9352	82.782643798666	0.0002
0	9363	82.784422049305	0.000956554845
0	9373	82.969249332786	0.0002
0	9384	83.247705368607	0.0002
0	9395	83.285886146869	0.0002
0	9406	83.337658004598	0.0002
0	9417	83.390842757117	0.0002
0	9428	83.464889457798	0.0002
0	9439	83.50949848542	0.0002
0	9451	83.593904570673	0.0002
0	9461	83.906556222618	0.0002
0	9474	84.134986368892	0.0002
0	9483	84.162512171888	0.0002
0	9494	84.351466901811	0.0002
0	9506	84.402031504414	0.0002
0	9517	84.441335605238	0.0002
0	9527	84.478622832819	0.0002
0	9539	84.482706810802	0.0002
0	9550	84.499298930295	0.0002
0	9560	84.603034283746	0.0002
0	9572	84.607019572826	0.0002
0	9583	84.751384968957	0.0002
0	9593	84.859875855929	0.0002
0	9604	84.917240398661	0.0002
0	9616	84.920567064728	0.0002
0	9626	84.992847181385	0.0002
0	9637	85.095730334523	0.0002
0	9648	85.161374712216	0.0002
0	9659	85.280972000361	0.0002
0	9670	85.327183806254	0.0002
0	9681	85.330217473927	0.0002
0	9692	85.427453314561	0.0002
0	9703	85.540989648379	0.0002
0	9714	85.570637375126	0.0002
0	9725	85.677394804357	0.0002
0	9737	85.799923830185	0.0002
0	9747	85.835502643669	0.0002
0	9758	85.89061555937	0.0002
0	9769	85.938966019494	0.0002
0	9781	86.039188694611	0.0002
0	9791	86.084802703113	0.0002
0	9802	86.209042697782	0.0002
0	9814	86.295336793781	0.0002
0	9824	86.305642239927	0.0002
0	9835	86.411223890124	0.0002
0	9846	86.622591859319	0.0002
0	9858	86.950688234151	0.0002
0	9868	87.154010672736	0.0002
0	9879	87.448732250137	0.0002
0	9890	87.548221503581	0.0002
0	9901	87.642842783325	0.0002
0	9913	87.790372371716	0.0002
0	9923	87.872456173107	0.0002
0	9934	87.897099103025	0.0002
0	9945	88.304905421587	0.0002
0	9956	88.331688645	0.0002
0	9968	88.508971532193	0.0002
0	9978	88.876678567918	0.0002
0	9989	88.975209280402	0.0002
0	10000	88.998609449181	0.0002
0	10011	89.027460547996	0.0002
0	10022	89.033484804292	0.0002
0	10033	89.053043934193	0.0002
0	10044	89.124337827031	0.0002
0	10055	89.181556994494	0.0002
0	10066	89.395396927926	0.0002
0	10077	89.46587815028	0.0002
0	10088	89.472225247873	0.0002
0	10099	89.521594207094	0.0002
0	10110	89.710409164484	0.0002
0	10120	89.711592430941	0.00040070283
0	10131	89.758738446043	0.0002
0	10142	89.852130257471	0.0002
0	10153	89.971298734122	0.0002
0	10164	89.996622646088	0.0002
0	10176	90.454815542396	0.0002
0	10186	90.464604832967	0.0002
0	10198	90.535506814966	0.0002
0	10209	90.607898994842	0.0002
0	10219	90.62035807296	0.0002
0	10230	90.628957046512	0.0002
0	10241	90.634349583698	0.0002
0	10252	90.694905771069	0.0002
0	10263	90.810837876149	0.0002
0	10274	91.242041382866	0.0002
0	10285	91.488722289055	0.0002
0	10297	91.544318746842	0.0002
0	10307	91.635155844162	0.0002
0	10318	91.781161816477	0.0002
0	10330	91.938234170585	0.0002
0	10342	91.950361986101	0.0002
0	10351	92.061919367806	0.0002
0	10362	92.112810034479	0.0002
0	10374	92.123701508796	0.0002
0	10384	92.135623913398	0.0002
0	10396	92.354192721727	0.0002
0	10406	92.421104254253	0.0002
0	10417	92.588184000641	0.0002
0	10428	92.759528940608	0.0002
0	10440	92.949511415171	0.0002
0	10450	92.981344164656	0.0002
0	10462	93.337059247523	0.0002
0	10472	93.362861722606	0.0002
0	10483	93.419042641662	0.0002
0	10494	93.45754899489	0.0002
0	10505	93.606221679463	0.0002
0	10516	93.635902443296	0.0002
0	10528	93.901034990684	0.0002
0	10538	93.915518148255	0.0002
0	10550	94.156768806268	0.0002
0	10560	94.160588608351	0.0002
0	10571	94.220705837313	0.0002
0	10582	94.344660020639	0.0002
0	10594	94.463956139233	0.0002
0	10604	94.578317839695	0.0002
0	10615	94.719967443453	0.0002
0	10626	94.740889278306	0.0002
0	10638	94.837788193914	0.0002
0	10648	94.858623665326	0.0002
0	10659	94.962688794433	0.0002
0	10670	95.008923335748	0.0002
0	10682	95.021780140684	0.0002
0	10692	95.047674429163	0.0002
0	10703	95.075793553085	0.0002
0	10714	95.344549067029	0.0002
0	10725	95.434219500134	0.0002
0	10736	95.44963444084	0.0002
0	10747	95.460037894037	0.0002
0	10758	95.550271415037	0.0002
0	10770	95.595571840084	0.0002
0	10780	95.632625158413	0.0002
0	10792	95.692133260037	0.0002
0	10802	95.848932858748	0.0002
0	10814	95.966332447733	0.0002
0	10825	96.117630816665	0.0002
0	10835	96.167402006953	0.0002
0	10846	96.518494985469	0.0002
0	10858	96.911590468053	0.0002
0	10869	97.087022069697	0.0002
0	10879	97.264777046903	0.0002
0	10890	97.466294584969	0.0002
0	10901	97.725088076287	0.0002
0	10912	97.797730172181	0.0002
0	10923	97.874615489944	0.0002
0	10935	97.985958133534	0.0002
0	10945	98.168082415964	0.0002
0	10957	98.476869098544	0.0002
0	10967	98.493766982	0.0002
0	10978	98.509997171534	0.0002
0	10989	98.554143285768	0.0002
0	11000	98.599765534071	0.0002
0	11012	98.605800787006	0.0002
0	11022	98.790746858473	0.0002
0	11033	98.820891500697	0.0002
0	11045	98.908646223927	0.0002
0	11055	98.939867351334	0.0002
0	11066	99.015765945415	0.0002
0	11077	99.12845311507	0.0002
0	11089	99.271720572983	0.0002
0	11099	99.288056635893	0.0002
0	11110	99.300237359181	0.0002
0	11122	99.419301638049	0.0002
0	11132	99.429334139711	0.0002
0	11143	99.5785610745	0.0002
0	11155	99.688467396739	0.0002
0	11165	99.79164990601	0.0002
0	11177	99.856486310186	0.0002
0	11187	99.944946624358	0.0002
0	11199	99.947977464294	0.0002
0	11209	100.026648514913	0.0002
0	11220	100.157743764605	0.0002
0	11231	100.315536254706	0.0002
0	11243	100.342098438803	0.0002
0	11254	100.369545763562	0.0002
0	11264	100.405480120326	0.0002
0	11276	100.633950987317	0.0002
0	11286	100.950718551894	0.0002
0	11298	100.965360331673	0.0002
0	11308	101.310458529119	0.0002
0	11320	101.327833950763	0.0002
0	11330	101.407540007495	0.0002
0	11342	101.554621340425	0.0002
0	11353	101.579898946182	0.0002
0	11363	101.742427263651	0.0002
0	11375	101.889970798968	0.0002
0	11385	101.898476624578	0.0002
0	11397	101.91735592975	0.0002
0	11407	101.935556234306	0.0002
0	11419	102.01179667531	0.0002
0	11429	102.027257964496	0.0002
0	11440	102.097820772292	0.0002
0	11451	102.173903558442	0.0002
0	11462	102.192649207228	0.0002
0	11473	102.280704119642	0.0002
0	11484	102.369508994127	0.0002
0	11495	102.389933633847	0.0002
0	11506	102.433992522805	0.0002
0	11517	102.52104525019	0.0002
0	11528	102.602440718938	0.0002
0	11539	102.728599148098	0.0002
0	11550	102.75112757302	0.0002
0	11561	102.79492812048	0.0002
0	11572	102.854689943379	0.0002
0	11583	102.870119203719	0.0002
0	11594	102.980322050582	0.0002
0	11605	103.053538280763	0.0002
0	11616	103.085812234375	0.0002
0	11627	103.42926255854	0.0002
0	11638	103.437709276842	0.0002
0	11649	103.541873507043	0.0002
0	11660	103.549862955323	0.0002
0	11671	103.556287432846	0.0002
0	11682	103.675165428379	0.0002
0	11693	103.927401325632	0.0002
0	11704	104.051629375209	0.0002
0	11716	104.226774432477	0.0002
0	11726	104.279899013265	0.0002
0	11739	104.331289468973	0.0002
0	11747	104.332986783052	0.001878640948
0	11757	104.640520961319	0.0002
0	11768	104.707820398016	0.0002
0	11779	104.765078318022	0.0002
0	11790	104.877187820146	0.0002
0	11801	104.879511227502	0.0002
0	11812	104.926572087507	0.0002
0	11824	105.263907366466	0.0002
0	11834	105.280008095866	0.0002
0	11845	105.663790812042	0.0002
0	11856	105.798892761271	0.0002
0	11867	105.862752153362	0.0002
0	11878	105.882547074164	0.0002
0	11889	106.01680594479	0.0002
0	11900	106.116433130757	0.0002
0	11911	106.429678891852	0.0002
0	11922	106.524415247915	0.0002
0	11933	106.602003655799	0.0002
0	11944	106.701506055644	0.0002
0	11955	106.808959780109	0.0002
0	11967	106.871857327557	0.0002
0	11978	107.179467066691	0.0002
0	11988	107.230540609639	0.0002
0	12000	107.279643907273	0.0002
0	12010	107.300892158336	0.0002
0	12021	107.364794060547	0.0002
0	12033	107.403780145723	0.0002
0	12043	107.58223941715	0.0002
0	12054	107.753954231195	0.0002
0	12066	107.860355138956	0.0002
0	12076	108.016080249132	0.0002
0	12087	108.101741964939	0.0002
0	12098	108.234303679336	0.0002
0	12109	108.316172823196	0.0002
0	12120	108.632021008491	0.0002
0	12132	108.689485314493	0.0002
0	12142	108.777808733324	0.0002
0	12154	108.803010771454	0.0002
0	12164	109.056070818481	0.0002
0	12175	109.067814574943	0.0002
0	12186	109.148276259284	0.0002
0	12197	109.206327011736	0.0002
0	12208	109.454600387298	0.0002
0	12219	109.497459478859	0.0002
0	12230	109.514108671149	0.0002
0	12242	109.783587638614	0.0002
0	12252	109.810664636113	0.0002
0	12264	109.82672536714	0.0002
0	12274	110.092192690868	0.0002
0	12285	110.420523913479	0.0002
0	12296	110.464140995039	0.0002
0	12308	110.566585872296	0.0002
0	12318	110.626720293178	0.0002
0	12329	110.661395984538	0.0002
0	12340	110.824467340503	0.0002
0	12351	110.886883572897	0.0002
0	12363	110.975503679023	0.0002
0	12373	111.169052709349	0.0002
0	12384	111.489499689336	0.0002
0	12395	111.4964086337	0.0002
0	12406	111.829090770446	0.0002
0	12417	111.851017377106	0.0002
0	12428	111.972223701535	0.0002
0	12439	111.977761136306	0.0002
0	12450	112.04385359211	0.0002
0	12461	112.169752019541	0.0002
0	12473	112.420737605436	0.0002
0	12483	112.469469043934	0.0002
0	12494	112.622503622044	0.0002
0	12505	112.755502728132	0.0002
0	12516	113.055750635561	0.0002
0	12527	113.116718160163	0.0002
0	12538	113.137630559314	0.0002
0	12549	113.265964351764	0.0002
0	12560	113.273782495238	0.0002
0	12572	113.32594799005	0.0002
0	12582	113.415299836275	0.0002
0	12594	113.446889113025	0.0002
0	12604	113.488861498112	0.0002
0	12615	113.7693984683	0.0002
0	12626	113.791775545403	0.0002
0	12637	113.813564910217	0.0002
0	12648	113.955279849618	0.0002
0	12659	114.075292347886	0.0002
0	12670	114.090967424267	0.0002
0	12681	114.282612993829	0.0002
0	12694	114.602029725084	0.0002
0	12703	114.636468307142	0.0002
0	12714	114.685935720696	0.0002
0	12725	114.96834684658	0.0002
0	12737	115.046488296582	0.0002
0	12747	115.051168981892	0.0002
0	12758	115.257195396713	0.0002
0	12769	115.331274997713	0.0002
0	12780	115.344185517121	0.0002
0	12791	115.470208135507	0.0002
0	12802	115.539413014957	0.0002
0	12813	115.544073612985	0.001471455826
0	12824	115.553678035677	0.0002
0	12834	116.039599863581	0.0002
0	12846	116.17899256645	0.0002
0	12856	116.218853133009	0.0002
0	12867	116.343514421883	0.0002
0	12878	116.404167606336	0.0002
0	12890	116.4190531994	0.0002
0	12900	116.532945101875	0.0002
0	12911	116.546315835502	0.0002
0	12922	116.62540066123	0.0002
0	12933	116.765204316045	0.0002
0	12944	116.77604688609	0.0002
0	12955	117.320270200312	0.0002
0	12966	117.464062813676	0.0002
0	12977	117.59476879932	0.0002
0	12988	117.646032094343	0.0002
0	12999	117.960761661836	0.0002
0	13011	118.024497996294	0.0002
0	13021	118.026170988921	0.0002
0	13032	118.089904813945	0.0002
0	13044	118.490626623986	0.0002
0	13054	118.561059165391	0.0002
0	13065	118.592875820112	0.0002
0	13076	118.685785388884	0.0002
0	13087	118.769358704049	0.0002
0	13098	118.802198470438	0.0002
0	13109	118.871314433475	0.0002
0	13120	118.950352717614	0.0002
0	13131	118.966132009953	0.0002
0	13142	119.119435027875	0.0002
0	13153	119.139508802568	0.0002
0	13164	119.374049947726	0.0002
0	13176	119.566260157918	0.0002
0	13186	119.610556187627	0.0002
0	13197	119.740673873372	0.0002
0	13208	119.959084600465	0.0002
0	13220	119.986956509664	0.0002
0	13230	120.001548814581	0.0002
0	13241	120.003167194498	0.000249769306
0	13253	120.013731739154	0.0002
0	13262	120.044144233193	0.0002
0	13274	120.055763368037	0.0002
0	13284	120.277461292797	0.0002
0	13295	120.310511432656	0.0002
0	13306	120.695334672765	0.0002
0	13317	120.86955213341	0.0002
0	13328	120.932695217295	0.0002
0	13340	121.079095765785	0.0002
0	13350	121.108226963084	0.0002
0	13361	121.386313255655	0.0002
0	13372	121.534181409321	0.0002
0	13383	121.724411848777	0.0002
0	13394	121.939334285773	0.0002
0	13405	122.334124383945	0.0002
0	13416	122.598647876283	0.0002
0	13427	122.7031120835	0.0002
0	13439	122.747515820711	0.0002
0	13449	122.83978719023	0.0002
0	13460	122.856453305658	0.0002
0	13471	122.984964945917	0.0002
0	13482	123.015037153837	0.0002
0	13493	123.081363630979	0.0002
0	13504	123.224816827134	0.0002
0	13516	123.396475328963	0.0002
0	13526	123.412258245943	0.0002
0	13537	123.521220963235	0.0002
0	13548	123.647294444004	0.0002
0	13559	123.710785569189	0.0002
0	13570	124.107466353794	0.0002
0	13582	124.187432454217	0.0002
0	13594	124.190267810932	0.0002
0	13603	124.276453275413	0.0002
0	13614	124.280945508467	0.0002
0	13625	124.342539065635	0.0002
0	13636	124.589363510541	0.0002
0	13647	124.600767631792	0.0002
0	13658	124.891555679517	0.0002
0	13670	124.935459308948	0.0002
0	13680	124.971208866606	0.0002
0	13691	124.984121120043	0.0002
0	13702	125.261678611416	0.0002
0	13713	125.263449067385	0.0002
0	13724	125.283393114321	0.0002
0	13735	125.381658306758	0.0002
0	13746	125.51495743912	0.0002
0	13757	125.550704565758	0.0002
0	13768	125.710725829428	0.0002
0	13779	125.72435140705	0.0002
0	13790	125.739198964653	0.0002
0	13801	125.753041320227	0.0002
0	13812	125.980160015416	0.0002
0	13823	126.055711686477	0.0002
0	13834	126.088276775261	0.0002
0	13845	126.151774489592	0.0002
0	13856	126.313226415447	0.0002
0	13867	126.339568994821	0.0002
0	13879	126.39573274018	0.0002
0	13889	126.412255848546	0.0002
0	13900	126.476176760459	0.0002
0	13911	126.527841883078	0.0002
0	13922	126.566556406349	0.0002
0	13934	126.887593571309	0.0002
0	13944	126.988259072611	0.0002
0	13955	127.054802619846	0.0002
0	13966	127.171133366452	0.0002
0	13977	127.251627480189	0.0002
0	13988	127.30179613254	0.0002
0	13999	127.408940142691	0.0002
0	14010	127.446475466271	0.0002
0	14021	127.49273843664	0.0002
0	14032	127.501285239016	0.0002
0	14044	127.728047698309	0.0002
0	14054	127.768789670589	0.0002
0	14066	128.14446523632	0.0002
0	14077	128.179162659309	0.0002
0	14087	128.209842933164	0.0002
0	14098	128.274139073647	0.0002
0	14109	128.316053810058	0.0002
0	14121	128.399364736821	0.0002
0	14132	128.518401828603	0.0002
0	14143	128.535719357209	0.0002
0	14153	128.586424261604	0.0002
0	14164	128.644916958433	0.0002
0	14175	128.974135036646	0.0002
0	14186	129.06236344152	0.0002
0	14197	129.127863394186	0.0002
0	14208	129.146209236619	0.0002
0	14219	129.208224265685	0.0002
0	14230	129.32421021271	0.0002
0	14241	129.340859889017	0.0002
0	14253	129.375515792803	0.0002
0	14263	129.520761238321	0.0002
0	14274	129.666811385567	0.0002
0	14285	129.692501613135	0.0002
0	14296	129.899452560755	0.0002
0	14307	130.179354869204	0.0002
0	14318	130.372212814099	0.0002
0	14329	130.589123726526	0.0002
0	14340	130.637965098382	0.0002
0	14351	130.654127131166	0.0002
0	14362	130.712621775086	0.0002
0	14373	130.954210306872	0.0002
0	14384	130.956136397308	0.0002
0	14394	130.961616237144	0.004831638668
0	14404	131.032936846023	0.0002
0	14415	131.210411212607	0.0002
0	14425	131.402569439644	0.0002
0	14437	131.463246271538	0.0002
0	14447	131.567942798054	0.0002
0	14458	131.611608385221	0.0002
0	14470	131.66770521866	0.0002
0	14481	131.766809464076	0.0002
0	14491	131.980026601819	0.0002
0	14503	132.092631901116	0.0002
0	14513	132.195449428929	0.0002
0	14525	132.204177319924	0.0002
0	14535	132.216582421189	0.0002
0	14546	132.264978396152	0.0002
0	14558	132.344764797139	0.0002
0	14568	132.405069046005	0.0002
0	14579	132.408106157385	0.0002
0	14590	132.719013931305	0.0002
0	14601	132.748297470442	0.0002
0	14612	132.796419958752	0.0002
0	14623	132.840641353608	0.0002
0	14634	132.900587950181	0.0002
0	14645	133.013373656666	0.0002
0	14656	133.1459094192	0.0002
0	14667	133.164077959719	0.0002
0	14678	133.169487598382	0.0002
0	14689	133.468653717077	0.0002
0	14700	133.600957128555	0.0002
0	14711	133.613306267956	0.0002
0	14722	133.696122547475	0.0002
0	14733	133.767672849528	0.0002
0	14744	133.782255556528	0.0002
0	14755	133.788057833493	0.0002
0	14766	133.789590043688	0.0002
0	14777	133.974397764404	0.0002
0	14788	134.013476807333	0.0002
0	14798	134.016268316173	0.000306455678
0	14810	134.039956669956	0.0002
0	14820	134.049578705919	0.0002
0	14831	134.089960948853	0.0002
0	14842	134.495916331057	0.0002
0	14853	134.580142841626	0.0002
0	14864	134.662381994293	0.0002
0	14875	134.774283716139	0.0002
0	14887	134.910273223756	0.0002
0	14897	134.925207601865	0.0002
0	14908	134.963717254778	0.0002
0	14919	135.135600767531	0.0002
0	14930	135.209169556705	0.0002
0	14941	135.309669701434	0.0002
0	14953	135.485851100064	0.0002
0	14963	135.683056862436	0.0002
0	14974	135.717544895879	0.0002
0	14985	135.730460303893	0.0002
0	14997	136.081476318223	0.0002
0	15007	136.110775519054	0.0002
0	15019	136.153785799729	0.0002
0	15029	136.54661138433	0.0002
0	15040	136.631707516576	0.0002
0	15051	136.899642991265	0.0002
0	15063	136.974679363275	0.0002
0	15073	137.122541098161	0.0002
0	15084	137.148250599387	0.0002
0	15096	137.334806551184	0.0002
0	15106	137.437115618347	0.0002
0	15118	137.740991624236	0.0002
0	15129	137.835337764128	0.0002
0	15139	137.881344812506	0.0002
0	15150	137.894303101974	0.0002
0	15161	137.897448292304	0.0002
0	15172	137.935309771763	0.0002
0	15183	138.289890760054	0.0002
0	15194	138.491221012285	0.0002
0	15206	138.52047136407	0.0002
0	15217	138.764278200766	0.0002
0	15227	138.793145367764	0.0002
0	15238	138.829131666225	0.0002
0	15249	138.839971991301	0.0002
0	15260	138.920483902211	0.0002
0	15271	139.373353696768	0.0002
0	15282	139.447122569743	0.0002
0	15293	139.510342707422	0.0002
0	15305	139.730589794207	0.0002
0	15316	139.777901431777	0.0002
0	15327	139.800445817543	0.0002
0	15337	139.839497142051	0.0002
0	15348	139.872726075799	0.0002
0	15360	139.88340869794	0.0002
0	15370	139.962418341567	0.0002
0	15381	140.14591719635	0.0002
0	15392	140.218120058197	0.0002
0	15403	140.346628805648	0.0002
0	15414	140.358771133253	0.0002
0	15425	140.562936846487	0.0002
0	15436	140.668244115044	0.0002
0	15447	140.790001995316	0.0002
0	15458	140.81604062198	0.0002
0	15470	140.883496424988	0.0002
0	15480	141.222861620223	0.0002
0	15491	141.348929134552	0.0002
0	15502	141.394672738942	0.0002
0	15514	141.543164282204	0.0002
0	15524	141.613856189871	0.0002
0	15536	141.695546201917	0.0002
0	15546	141.76632257579	0.0002
0	15557	141.830332280431	0.0002
0	15569	141.840215264061	0.005359195542
0	15579	142.063516650012	0.0002
0	15589	142.123950033884	0.0002
0	15600	142.26896430736	0.0002
0	15611	142.276509735465	0.0002
0	15622	142.401751240862	0.0002
0	15633	142.420482981441	0.0002
0	15644	142.481355834904	0.0002
0	15656	142.731817155075	0.0002
0	15667	142.735032886421	0.0002
0	15677	142.918639886448	0.0002
0	15688	143.289597844499	0.0002
0	15698	143.292270643099	0.001727054275
0	15710	143.327650150672	0.0002
0	15720	143.342698436114	0.0002
0	15731	143.366702654604	0.0002
0	15743	143.485794479178	0.0002
0	15753	143.519873224394	0.0002
0	15764	143.611600272174	0.0002
0	15776	143.824925725218	0.0002
0	15787	143.849997273972	0.0002
0	15797	143.862411056537	0.0002
0	15809	143.942821623521	0.0002
0	15819	144.057613337324	0.0002
0	15830	144.108651219378	0.0002
0	15841	144.271035879264	0.0002
0	15853	144.283887477037	0.0002
0	15864	144.327240990011	0.0002
0	15874	144.436512093847	0.0002
0	15885	144.790727717517	0.0002
0	15896	144.952599513263	0.0002
0	15907	145.049494846892	0.0002
0	15918	145.103243898986	0.0002
0	15929	145.164543447973	0.0002
0	15941	145.22909344292	0.0002
0	15951	145.285769297972	0.0002
0	15962	145.391332963493	0.0002
0	15973	145.399829401548	0.0002
0	15985	145.488659235719	0.0002
0	15996	145.575651824211	0.0002
0	16006	145.792023199599	0.0002
0	16017	145.799097698545	0.0002
0	16028	146.10199071758	0.0002
0	16040	146.198483720693	0.0002
0	16050	146.210285550773	0.0002
0	16061	146.239448819165	0.0002
0	16072	146.265092787989	0.0002
0	16083	146.292609511667	0.0002
0	16094	146.311817310769	0.0002
0	16105	146.381895355502	0.0002
0	16116	146.430498680155	0.0002
0	16127	146.467678668674	0.0002
0	16138	146.605154617437	0.0002
0	16150	146.666513804717	0.0002
0	16160	146.686416298805	0.0002
0	16171	146.770205527917	0.0002
0	16182	146.8394950639	0.0002
0	16194	146.937795460774	0.0002
0	16205	147.049820709079	0.0002
0	16215	147.10655963328	0.0002
0	16226	147.257171195076	0.0002
0	16239	147.29132758191	0.0002
0	16248	147.644848235198	0.0002
0	16259	147.653218395743	0.0002
0	16272	147.744021713476	0.0002
0	16281	147.902219107869	0.0002
0	16292	147.912437721565	0.0002
0	16304	148.071696100097	0.0002
0	16314	148.232108155449	0.0002
0	16325	148.314366524257	0.0002
0	16336	148.387033232071	0.0002
0	16347	148.43417400431	0.0002
0	16359	148.446399514155	0.0002
0	16370	148.459950984637	0.0002
0	16380	148.498101415721	0.0002
0	16392	148.557709126019	0.0002
0	16402	148.78916046201	0.0002
0	16413	148.868862896294	0.0002
0	16425	148.950576546182	0.0002
0	16435	149.148901805361	0.0002
0	16446	149.2608419796	0.0002
0	16457	149.42368515998	0.0002
0	16468	149.622833838543	0.0002
0	16479	149.727676357464	0.0002
0	16491	150.094302260517	0.0002
0	16503	150.173051578581	0.0002
0	16513	150.274102922222	0.0002
0	16523	150.283526170649	0.0002
0	16534	150.303868314623	0.0002
0	16546	150.354413450651	0.0002
0	16556	150.500617123319	0.0002
0	16567	150.510411372821	0.0002
0	16579	150.513538349637	0.001481527951
0	16588	150.557465763391	0.0002
0	16599	150.622778603772	0.0002
0	16610	150.625239044468	0.0016222789
0	16621	150.643428616546	0.0002
0	16631	150.774284257872	0.0002
0	16642	150.782894905664	0.0002
0	16653	150.835079304956	0.0002
0	16665	150.897462101834	0.0002
0	16675	151.028635824823	0.0002
0	16686	151.235688754289	0.0002
0	16697	151.253606755278	0.0002
0	16708	151.258914356302	0.0002
0	16719	151.264805268957	0.0002
0	16730	151.376942078247	0.0002
0	16741	151.554780193998	0.0002
0	16752	151.642903949889	0.0002
0	16763	151.811261746068	0.0002
0	16774	152.165494790828	0.0002
0	16785	152.254511811098	0.0002
0	16796	152.281122754846	0.0002
0	16807	152.522393525174	0.0002
0	16818	152.862556589376	0.0002
0	16830	152.881781361783	0.0002
0	16840	152.887075245662	0.0002
0	16851	152.890695181351	0.0002
0	16862	152.906343733196	0.0002
0	16873	152.960992064124	0.0002
0	16884	153.238640034496	0.0002
0	16895	153.390927365709	0.0002
0	16906	153.657002161941	0.0002
0	16917	153.716352281489	0.0002
0	16929	153.773232768642	0.0002
0	16939	153.841004803559	0.0002
0	16951	153.927600427451	0.0002
0	16961	154.003863653847	0.0002
0	16972	154.031066505408	0.0002
0	16983	154.041845352266	0.0002
0	16994	154.060366602787	0.0002
0	17006	154.127198342834	0.0002
0	17016	154.228554626149	0.0002
0	17027	154.232687885544	0.0002
0	17038	154.401452639003	0.0002
0	17050	154.453912712315	0.0002
0	17061	154.529008290251	0.0002
0	17071	154.564983054254	0.0002
0	17082	154.70355764036	0.0002
0	17094	154.781252196589	0.0002
0	17104	154.912625602699	0.0002
0	17115	154.952210848181	0.0002
0	17126	155.01034947543	0.0002
0	17137	155.032158372299	0.0002
0	17148	155.07218169287	0.0002
0	17159	155.225726462392	0.0002
0	17171	155.280144853295	0.0002
0	17181	155.551465890831	0.0002
0	17192	155.618496325361	0.0002
0	17203	155.629860744817	0.0002
0	17214	155.960561581929	0.0002
0	17226	156.104040590159	0.0002
0	17236	156.10512565656	0.0002
0	17247	156.154373302572	0.0002
0	17258	156.168686495324	0.0002
0	17270	156.24543058257	0.0002
0	17280	156.40277753256	0.0002
0	17291	156.410978257999	0.0002
0	17302	156.453455487158	0.0002
0	17314	156.480422930569	0.0002
0	17324	156.565711415691	0.0002
0	17335	156.71240013746	0.0002
0	17347	156.749885174592	0.0002
0	17359	156.862486603849	0.0002
0	17368	156.898202850399	0.0002
0	17379	156.947813796407	0.0002
0	17390	156.957202816826	0.0002
0	17401	157.04186917934	0.0002
0	17413	157.183342187935	0.0002
0	17424	157.237090564908	0.0002
0	17434	157.400404735308	0.0002
0	17445	157.464496753933	0.0002
0	17457	157.490965890407	0.0002
0	17467	157.530058404462	0.0002
0	17478	157.608030997637	0.0002
0	17489	157.647813033906	0.0002
0	17501	157.859692477593	0.0002
0	17511	157.950134647527	0.0002
0	17522	158.014647059708	0.0002
0	17533	158.158368263232	0.0002
0	17544	158.267326274622	0.0002
0	17555	158.453629203153	0.0002
0	17566	158.496911998807	0.0002
0	17577	158.552588896468	0.0002
0	17589	158.57094198338	0.0002
0	17599	158.652901897848	0.0002
0	17610	158.66697176225	0.0002
0	17621	158.705188867873	0.0002
0	17632	159.079123760775	0.0002
0	17643	159.08287762341	0.0002
0	17654	159.166041532799	0.0002
0	17667	159.212411082672	0.0002
0	17676	159.342759207839	0.0002
0	17687	159.346857068322	0.0002
0	17698	159.692920960955	0.0002
0	17709	159.700623461471	0.0002
0	17720	159.70334395139	0.0002
0	17731	159.767613028834	0.0002
0	17742	159.819086480932	0.0002
0	17754	159.892969392146	0.0002
0	17764	160.639333114681	0.0002
0	17775	160.648453566403	0.0002
0	17787	160.722204060648	0.0002
0	17797	160.92913318466	0.0002
0	17809	160.952007445813	0.0002
0	17819	161.062674852049	0.0002
0	17831	161.18534893049	0.0002
0	17842	161.273626293831	0.0002
0	17852	161.303241436942	0.0002
0	17863	161.384078576209	0.0002
0	17874	161.581746030154	0.0002
0	17885	161.58368882496	0.0002
0	17896	161.608713602117	0.0002
0	17908	161.637927309954	0.0002
0	17918	161.668723955284	0.0002
0	17930	161.734360553116	0.0002
0	17940	161.971204187	0.0002
0	17951	161.98271368873	0.0002
0	17963	161.990978197024	0.0002
0	17973	162.066130065066	0.0002
0	17984	162.206296563558	0.0002
0	17995	162.266765342194	0.0002
0	18007	162.327023762331	0.0002
0	18018	162.34478060253	0.0002
0	18028	162.363234507987	0.0002
0	18039	162.483362555008	0.0002
0	18050	162.575699512115	0.0002
0	18062	162.580107056795	0.0002
0	18072	162.810100782365	0.0002
0	18083	163.094444985763	0.0002
0	18094	163.270139208974	0.0002
0	18104	163.273214111366	0.000566440775
0	18116	163.295673404064	0.0002
0	18126	163.405306271133	0.0002
0	18137	163.724769391137	0.0002
0	18149	163.782810178764	0.0002
0	18159	163.977588604803	0.0002
0	18171	164.168797831191	0.0002
0	18182	164.40742639952	0.0002
0	18192	164.527465908583	0.0002
0	18204	164.645122944989	0.0002
0	18214	164.674182679421	0.0002
0	18226	164.863591005117	0.0002
0	18236	164.905089283103	0.0002
0	18247	165.055765661808	0.0002
0	18259	165.298796676677	0.0002
0	18269	165.33071426714	0.0002
0	18280	165.500974223907	0.0002
0	18291	165.717108095565	0.0002
0	18302	165.725898834758	0.0002
0	18313	165.898850704461	0.0002
0	18325	166.009792260133	0.0002
0	18335	166.050641989372	0.0002
0	18346	166.055120574101	0.0002
0	18358	166.325251528766	0.0002
0	18368	166.343209302441	0.0002
0	18379	166.388381228096	0.0002
0	18391	166.442331768883	0.0002
0	18402	166.474955127379	0.0002
0	18412	166.475981002256	0.000617977035
0	18422	166.662632822485	0.0002
0	18433	166.751101494825	0.0002
0	18445	166.803919277055	0.0002
0	18455	166.809819091356	0.0002
0	18466	166.847003999751	0.0002
0	18477	166.952254143357	0.0002
0	18489	167.16038681069	0.0002
0	18499	167.320395995795	0.0002
0	18510	167.666486308563	0.0002
0	18521	167.881727817758	0.0002
0	18532	167.988350354545	0.0002
0	18543	168.146382129171	0.0002
0	18554	168.217298779507	0.0002
0	18565	168.346624559716	0.0002
0	18576	168.453982566176	0.0002
0	18587	168.62872697171	0.0002
0	18598	168.644605483314	0.0002
0	18609	168.689996043122	0.0002
0	18620	169.011452440825	0.0002
0	18631	169.019966178428	0.0002
0	18642	169.146118922573	0.0002
0	18653	169.267526339311	0.0002
0	18664	169.49843382178	0.0002
0	18675	169.531188421992	0.0002
0	18686	169.659273712136	0.0002
0	18697	169.732658087654	0.0002
0	18708	169.8384156214	0.0002
0	18719	169.870104213381	0.0002
0	18731	169.890681624783	0.0002
0	18741	169.971469832765	0.0002
0	18753	170.06161490497	0.0002
0	18763	170.088964341661	0.0002
0	18774	170.09152910638	0.0002
0	18786	170.228695119986	0.0002
0	18797	170.338150403333	0.0002
0	18807	170.634807018729	0.0002
0	18818	170.691742128382	0.0002
0	18829	170.701341425037	0.0002
0	18840	170.740736384074	0.0002
0	18851	170.856503297475	0.0002
0	18862	171.127357028328	0.0002
0	18873	171.12840726004	0.0002
0	18884	171.183757902849	0.0002
0	18895	171.216852143394	0.0002
0	18907	171.244354861121	0.0002
0	18917	171.307730864974	0.0002
0	18929	171.35990826702	0.0002
0	18939	171.373749179194	0.0002
0	18951	171.394367819873	0.0002
0	18961	171.473886551325	0.0002
0	18972	171.555768493844	0.0002
0	18983	171.732826651429	0.0002
0	18994	171.868930109886	0.0002
0	19005	172.006868288755	0.0002
0	19016	172.258220831056	0.0002
0	19027	172.58666924838	0.0002
0	19038	172.856210061584	0.0002
0	19049	173.166771514271	0.0002
0	19060	173.442731710778	0.0002
0	19071	173.4457670412	0.0002
0	19082	173.64490361774	0.0002
0	19094	173.651247823218	0.0002
0	19105	173.710001333091	0.0002
0	19115	173.744665074343	0.0002
0	19126	173.769497001475	0.0002
0	19137	173.781501940723	0.0002
0	19148	173.787904802886	0.002045637094
0	19159	173.947707962932	0.0002
0	19169	174.094025685118	0.0002
0	19180	174.149956414664	0.0002
0	19191	174.523769178667	0.0002
0	19202	174.876075177149	0.0002
0	19213	174.883265777386	0.0002
0	19225	175.055909823597	0.0002
0	19236	175.131164616301	0.0002
0	19246	175.232801115467	0.0002
0	19257	175.517066897269	0.0002
0	19268	175.615784789046	0.0002
0	19280	175.743688374144	0.0002
0	19290	175.772815291189	0.0002
0	19301	175.909948546799	0.0002
0	19312	176.222402441132	0.0002
0	19324	176.297156352864	0.0002
0	19334	176.31587031611	0.0002
0	19345	176.466864084092	0.0002
0	19356	176.509053739631	0.0002
0	19368	176.651162659923	0.0002
0	19379	176.682748894909	0.0002
0	19389	176.704042319461	0.0002
0	19400	176.964720370687	0.0002
0	19412	176.996001452797	0.0002
0	19422	177.041297023577	0.0002
0	19433	177.163666760624	0.0002
0	19444	177.194258553841	0.0002
0	19456	177.252222377486	0.0002
0	19466	177.415107574006	0.0002
0	19477	177.45467522738	0.0002
0	19488	177.458045823807	0.0002
0	19499	177.609473960534	0.0002
0	19510	177.726099884623	0.0002
0	19521	177.784720417004	0.0002
0	19532	177.816474615032	0.0002
0	19543	178.082230225748	0.0002
0	19554	178.102662108183	0.0002
0	19566	178.284308841648	0.0002
0	19576	178.292555702274	0.0002
0	19587	178.499250691904	0.0002
0	19598	178.628001490999	0.0002
0	19610	178.668102786428	0.0002
0	19620	178.86518842787	0.0002
0	19631	178.906483935309	0.0002
0	19642	178.967773448156	0.0002
0	19654	178.971082107321	0.0002
0	19664	179.254248759335	0.0002
0	19675	179.36136617717	0.0002
0	19688	179.378093783051	0.0002
0	19697	179.493805733875	0.0002
0	19709	179.733311300723	0.0002
0	19719	179.882737056721	0.0002
0	19730	179.891363217827	0.0002
0	19741	179.972143758224	0.0002
0	19752	180.05333412218	0.0002
0	19763	180.138443569221	0.0002
0	19774	180.267213899277	0.0002
0	19785	180.282082346755	0.0002
0	19796	180.47315290408	0.0002
0	19807	180.576281668505	0.0002
0	19819	180.753424108553	0.0002
0	19830	180.783888064341	0.0002
0	19840	180.794252357864	0.0002
0	19852	180.835413468737	0.0002
0	19862	180.897831709881	0.0002
0	19873	180.950118429165	0.0002
0	19885	180.971689656437	0.0002
0	19895	180.990381327103	0.0002
0	19907	181.023452710736	0.0002
0	19918	181.357672600952	0.0002
0	19928	181.363219917914	0.0002
0	19939	181.365956111996	0.000812251486
0	19949	181.385056777266	0.0002
0	19960	181.517262824192	0.0002
0	19971	181.522077783623	0.0002
0	19983	181.884220531385	0.0002
0	19993	181.918349451728	0.0002
0	20004	181.984754737646	0.0002
0	20016	182.193646698342	0.0002
0	20026	182.196355265145	0.0002
0	20037	182.217267206295	0.0002
0	20048	182.238904462534	0.0002
0	20059	182.310416021613	0.0002
0	20070	182.323773374321	0.0002
0	20081	182.550622849742	0.0002
0	20092	182.607593135651	0.0002
0	20103	182.740297973782	0.0002
0	20114	182.771768940337	0.0002
0	20126	182.923501462063	0.0002
0	20136	183.0345491103	0.0002
0	20147	183.079555557734	0.0002
0	20158	183.087822925729	0.0002
0	20169	183.089947315944	0.0002
0	20180	183.150745323907	0.0002
0	20191	183.248293374524	0.0002
0	20203	183.350647901647	0.0002
0	20214	183.510873404387	0.0002
0	20225	183.560055817194	0.0002
0	20235	183.740896016091	0.0002
0	20246	183.798422808206	0.0002
0	20258	183.874338825585	0.0002
0	20268	183.894627785094	0.0002
0	20279	183.92295072512	0.0002
0	20290	184.003650595077	0.0002
0	20301	184.17831562747	0.0002
0	20313	184.214819977229	0.0002
0	20323	184.668360951592	0.0002
0	20334	184.721069465676	0.0002
0	20345	184.865721542935	0.0002
0	20357	184.883289908451	0.0002
0	20367	184.948704528218	0.0002
0	20379	184.958359658713	0.0002
0	20389	185.007578927628	0.0002
0	20401	185.064914205053	0.0002
0	20411	185.089122849383	0.0002
0	20422	185.14468920592	0.0002
0	20433	185.19877564972	0.0002
0	20445	185.247052596628	0.0002
0	20455	185.254831305625	0.0002
0	20466	185.270447488087	0.0002
0	20478	185.38971141921	0.0002
0	20488	185.623643186589	0.0002
0	20499	185.659713535733	0.0002
0	20511	185.741747115696	0.0002
0	20521	185.869649309034	0.0002
0	20532	186.155426145103	0.0002
0	20543	186.361828971931	0.0002
0	20554	186.630640524621	0.0002
0	20567	186.650418013382	0.0002
0	20577	186.851991086424	0.0002
0	20587	187.001522219804	0.0002
0	20598	187.107861596878	0.0002
0	20609	187.118446103686	0.0002
0	20620	187.165233615449	0.0002
0	20631	187.17223110528	0.0002
0	20642	187.487808371185	0.0002
0	20653	187.858347228993	0.0002
0	20664	187.89018388658	0.0002
0	20675	187.932728705175	0.0002
0	20686	187.972167935748	0.0002
0	20697	188.058696223686	0.0002
0	20708	188.373452172238	0.0002
0	20719	188.487252556358	0.0002
0	20730	188.51103626928	0.0002
0	20741	188.746969076092	0.0002
0	20752	188.749271086686	0.001366580574
0	20763	188.848998714616	0.0002
0	20773	188.965638080597	0.0002
0	20785	188.985740755811	0.0002
0	20795	189.157134380748	0.0002
0	20805	189.159111093878	0.000749706533
0	20816	189.271305007198	0.0002
0	20827	189.346855058952	0.0002
0	20838	189.521272385562	0.0002
0	20850	189.530792440777	0.0002
0	20860	189.866442554882	0.0002
0	20873	189.966763458026	0.0002
0	20883	190.056459137932	0.0002
0	20893	190.146102183816	0.0002
0	20904	190.281370342854	0.0002
0	20915	190.294216038989	0.0002
0	20926	190.480723053746	0.0002
0	20937	190.554514861433	0.0002
0	20948	190.6097497573	0.0002
0	20959	190.708661329807	0.0002
0	20970	190.846594291504	0.0002
0	20981	190.863505283507	0.0002
0	20992	190.871281366364	0.0002
0	21003	191.259560121798	0.0002
0	21015	191.309291967116	0.0002
0	21025	191.391142667876	0.0002
0	21037	191.901777253178	0.0002
0	21048	191.997846904153	0.0002
0	21058	192.022873858963	0.0002
0	21069	192.433894022509	0.0002
0	21080	192.516621198132	0.0002
0	21091	192.619525724765	0.0002
0	21103	192.700564236378	0.0002
0	21113	192.744284744958	0.0002
0	21124	192.845153260649	0.0002
0	21135	192.8649131587	0.0002
0	21147	192.925439397198	0.0002
0	21158	193.014945423174	0.0002
0	21168	193.054460314603	0.0002
0	21179	193.057081659181	0.0002
0	21190	193.104317852867	0.0002
0	21202	193.128195070933	0.0002
0	21212	193.151364911561	0.0002
0	21223	193.173434690521	0.0002
0	21235	193.237620937717	0.0002
0	21245	193.325245393403	0.0002
0	21256	193.396346765267	0.0002
0	21267	193.5958250983	0.0002
0	21278	193.658434543751	0.0002
0	21289	193.824655638505	0.0002
0	21301	193.904152214093	0.0002
0	21311	194.01139527475	0.0002
0	21322	194.358040086645	0.0002
0	21333	194.412085966671	0.0002
0	21344	194.538489509067	0.0002
0	21355	194.585628321196	0.0002
0	21366	194.591386254059	0.0002
0	21377	194.60059348512	0.0002
0	21389	194.676026975706	0.0002
0	21399	194.766550416021	0.0002
0	21411	194.775076487065	0.0002
0	21421	194.889874603794	0.0002
0	21432	194.974946455429	0.0002
0	21443	195.012407134064	0.0002
0	21455	195.056180074874	0.0002
0	21465	195.201380549499	0.0002
0	21477	195.444508489599	0.0002
0	21487	195.445926238523	0.00096169348
0	21498	195.589888584113	0.0002
0	21508	195.758989482526	0.0002
0	21519	195.86602002455	0.0002
0	21531	195.965032625862	0.0002
0	21541	196.154048802025	0.0002
0	21552	196.402946864518	0.0002
0	21564	196.427799298055	0.0002
0	21574	196.539760033248	0.0002
0	21585	196.568404464729	0.0002
0	21596	196.763820576914	0.0002
0	21607	196.801407040527	0.0002
0	21618	196.863814369983	0.0002
0	21629	197.015684121449	0.0002
0	21640	197.050883088496	0.0002
0	21651	197.140731238052	0.0002
0	21663	197.171951653792	0.0002
0	21673	197.286359232799	0.0002
0	21684	197.295560803109	0.0002
0	21695	197.307962522708	0.0002
0	21706	197.412049814291	0.0002
0	21718	197.541718203726	0.0002
0	21729	197.569820581913	0.0002
0	21739	197.6606532055	0.0002
0	21750	197.726056124671	0.0002
0	21761	197.892299919911	0.0002
0	21773	197.910018318941	0.0002
0	21783	197.985131734375	0.0002
0	21794	198.123718320949	0.0002
0	21805	198.199392386232	0.0002
0	21817	198.488872352359	0.0002
0	21827	198.605831939064	0.0002
0	21840	198.767030255791	0.0002
0	21849	199.170319559619	0.0002
0	21861	199.366647914678	0.0002
0	21872	199.388056221908	0.0002
0	21883	199.392844206889	0.0002
0	21894	199.482778380167	0.0002
0	21904	199.546364997422	0.0002
0	21915	199.615171975035	0.0002
0	21926	199.724196730469	0.0002
0	21937	199.881292393798	0.0002
0	21948	199.950747116678	0.0002

